S, C
1.00000,0.00165
1.19192,-0.00008
1.38384,-0.00077
1.57576,-0.00090
1.76768,-0.00079
1.95960,-0.00067
2.15152,-0.00061
2.34343,-0.00066
2.53535,-0.00078
2.72727,-0.00095
2.91919,-0.00113
3.11111,-0.00129
3.30303,-0.00139
3.49495,-0.00142
3.68687,-0.00135
3.87879,-0.00116
4.07071,-0.00079
4.26263,-0.00019
4.45455,0.00076
4.64646,0.00216
4.83838,0.00417
5.03030,0.00700
5.22222,0.01085
5.41414,0.01600
5.60606,0.02272
5.79798,0.03132
5.98990,0.04213
6.18182,0.05548
6.37374,0.07173
6.56566,0.09120
6.75758,0.11423
6.94949,0.14113
7.14141,0.17220
7.33333,0.20770
7.52525,0.24787
7.71717,0.29293
7.90909,0.34303
8.10101,0.39832
8.29293,0.45891
8.48485,0.52486
8.67677,0.59622
8.86869,0.67299
9.06061,0.75515
9.25253,0.84266
9.44444,0.93545
9.63636,1.03342
9.82828,1.13647
10.02020,1.24447
10.21212,1.35728
10.40404,1.47474
10.59596,1.59668
10.78788,1.72294
10.97980,1.85334
11.17172,1.98769
11.36364,2.12582
11.55556,2.26754
11.74747,2.41266
11.93939,2.56102
12.13131,2.71241
12.32323,2.86668
12.51515,3.02366
12.70707,3.18317
12.89899,3.34506
13.09091,3.50918
13.28283,3.67539
13.47475,3.84353
13.66667,4.01349
13.85859,4.18513
14.05051,4.35833
14.24242,4.53299
14.43434,4.70898
14.62626,4.88622
14.81818,5.06461
15.01010,5.24406
15.20202,5.42449
15.39394,5.60581
15.58586,5.78795
15.77778,5.97085
15.96970,6.15445
16.16162,6.33867
16.35354,6.52346
16.54545,6.70878
16.73737,6.89458
16.92929,7.08081
17.12121,7.26741
17.31313,7.45437
17.50505,7.64163
17.69697,7.82916
17.88889,8.01694
18.08081,8.20492
18.27273,8.39309
18.46465,8.58141
18.65657,8.76986
18.84848,8.95841
19.04040,9.14705
19.23232,9.33575
19.42424,9.52449
19.61616,9.71327
19.80808,9.90204
20.00000,10.09081
