S, C
1.00000,-0.00010
1.19192,-0.00019
1.38384,0.01018
1.57576,0.03508
1.76768,0.08296
1.95960,0.16367
2.15152,0.28403
2.34343,0.44509
2.53535,0.64236
2.72727,0.86772
2.91919,1.11139
3.11111,1.36311
3.30303,1.61281
3.49495,1.85113
3.68687,2.06992
3.87879,2.26269
4.07071,2.42486
4.26263,2.55371
4.45455,2.64820
4.64646,2.70869
4.83838,2.73667
5.03030,2.73452
5.22222,2.70525
5.41414,2.65221
5.60606,2.57894
5.79798,2.48895
5.98990,2.38569
6.18182,2.27237
6.37374,2.15198
6.56566,2.02719
6.75758,1.90036
6.94949,1.77353
7.14141,1.64838
7.33333,1.52629
7.52525,1.40835
7.71717,1.29537
7.90909,1.18794
8.10101,1.08646
8.29293,0.99115
8.48485,0.90210
8.67677,0.81928
8.86869,0.74258
9.06061,0.67181
9.25253,0.60673
9.44444,0.54708
9.63636,0.49254
9.82828,0.44281
10.02020,0.39756
10.21212,0.35647
10.40404,0.31922
10.59596,0.28551
10.78788,0.25505
10.97980,0.22756
11.17172,0.20278
11.36364,0.18046
11.55556,0.16037
11.74747,0.14231
11.93939,0.12608
12.13131,0.11150
12.32323,0.09840
12.51515,0.08665
12.70707,0.07609
12.89899,0.06660
13.09091,0.05808
13.28283,0.05042
13.47475,0.04353
13.66667,0.03732
13.85859,0.03172
14.05051,0.02666
14.24242,0.02208
14.43434,0.01792
14.62626,0.01414
14.81818,0.01069
15.01010,0.00753
15.20202,0.00462
15.39394,0.00193
15.58586,-0.00056
15.77778,-0.00289
15.96970,-0.00508
16.16162,-0.00714
16.35354,-0.00910
16.54545,-0.01096
16.73737,-0.01276
16.92929,-0.01449
17.12121,-0.01617
17.31313,-0.01782
17.50505,-0.01943
17.69697,-0.02103
17.88889,-0.02260
18.08081,-0.02417
18.27273,-0.02574
18.46465,-0.02730
18.65657,-0.02888
18.84848,-0.03046
19.04040,-0.03205
19.23232,-0.03366
19.42424,-0.03528
19.61616,-0.03693
19.80808,-0.03859
20.00000,-0.04028
